                    1  0  0   0  1  0   0  0  1       0 -1  1   0 -1  0   1 -1  0
                    -1  0  0  -1  0  1  -1  1  0       0  1 -1   1  0 -1   0  0 -1
                    -1  0  0  -1  1  0  -1  0  1       0 -1  1   1 -1  0   0 -1  0

                    1  0  0   0  0  1   0  1  0       0  1 -1   0  0 -1   1  0 -1
                    -1  0  1  -1  1  0  -1  0  0       0 -1  0   1 -1  0   0 -1  1
                     1  0 -1   0  0 -1   0  1 -1       0  1  0   0  0  1   1  0  0

                     1  0 -1   0  1 -1   0  0 -1       0 -1  0   0 -1  1   1 -1  0
                    -1  0  1  -1  0  0  -1  1  0       0  1  0   1  0  0   0  0  1
                     0  0 -1   0  1 -1   1  0 -1       1 -1  0   0 -1  1   0 -1  0

                     0  0  1   1  0  0   0  1  0      -1  1  0  -1  0  0  -1  0  1
                     0  0  1   0  1  0   1  0  0       1 -1  0   0 -1  0   0 -1  1
                     0  0 -1   1  0 -1   0  1 -1      -1  1  0  -1  0  1  -1  0  0
                     
                     
                     
                     
LD.S(1).mat =...
    [1  0  0;
    -1  0  0;
    -1  0  0];

LD.S(2).mat =...
    [1  0  0;
    -1  0  1;
    1  0 -1];

LD.S(3).mat =...
    [1  0 -1;
    -1  0  1;
    0  0 -1];

LD.S(4).mat =...
    [0  0  1;
    0  0  1;
    0  0 -1];

LD.x(1,:) = [ 0 0 0];
LD.x(2,:) = [0.25 0.25 0.25];

(LD.S(1).mat*LD.x(2,:)')'




