function af = m_af_cond_results

%af(1).extrap = [

af(1).size =[4;6;8;10;12 ];
af(1).cond =[3.23;21.44;79.66;137.29;217.34];

af(2).size =[4;6;8;10;12 ];
af(2).cond =[1.2759;1.567;1.746;1.7814;2.0066];

af(3).size =[4;6;8;10;12 ];
af(3).cond =[0.46701;0.578;0.7009;0.70392;0.80386];

af(4).size =[4;6;8;10;12 ];
af(4).cond =[0.24117;0.296;0.33957;0.34992;0.3567];

af(5).size =[4;6;8;10;12;24 ];
af(5).cond =[0.12999;0.131;0.13989;0.14576;0.13733;0.1398];

end
