function gk = m_sio2_cond_amor_af_results
%VC = m_lj_alloy_nmd_vc_results
%returns the vc thermal conductivity results @ 10K for 4-12x systems
%--------------------------------------------------------------------------

gk.size =[...
    15.97
    20.13
    24.5
    2*15.97
    2*20.13
    49.0
    80.52
    100000000*5.43
    ];

gk.num_atoms =[...
    288
    576
    972
    8*288
    8*576
    8*972
    36864
    1E23
    ];

gk.cond =[...
    2.1332    0.16196
    2.1157    0.2079   
    2.0434    0.1936
    2.0672    0.1740
    2.1128    0.2257
    2.1193    0.2397
    2.0961    0.2266
    2.0982    0.2042  
    ];

gk.extrap=[...
    1
    ];

%0.05: plot(1./[26 34 42 10000000],1./[14.91 15.59 15.83 16.7],'.')
%0.5: plot(1./[26 34 42 10000000],1./[6.424 7.704 7.728 7.83],'.')


end
