function ald = m_si_cond_alloy_ald_results
%VC = m_lj_alloy_nmd_vc_results
%returns the vc thermal conductivity results @ 10K for 4-12x systems
%--------------------------------------------------------------------------

ald.size =[...
    4
    6
    8
    10
    12
    14
    16
    18
    20
    ];
ald.conc =[...
    0.0
    0.05
    0.15
    0.5
    ];

ald.cond(1,:) =[...
    5.649245774329065e+02
    2.143079497782264
    0.986079180684062
    0.878562067149744
    ];

ald.cond(2,:) =[...
    5.352363447895174e+02
    2.166258831967184
    0.995941606289517
    0.886738584083702
    ];

ald.cond(3,:) =[...
    5.033323408221058e+02
    2.455751701116387
    1.130323109327582
    1.005029813906340
    ];

ald.cond(4,:) =[...
    4.730895365176177e+02
    6.035905092974989
    1.268797577459464
    1.127809095647059
    ];

ald.cond(5,:) =[...
    0
    6.556041670579716
    0
    2.6912
    ];

ald.cond(6,:) =[...
    0
    6.917705643973492
    0
    2.8390
    ];

ald.cond(7,:) =[...
    0
    7.112155150146815
    0
    2.9210
    ];

ald.cond(8,:) =[...
    0
    7.285434065223492
    0
    2.9923
    ];

ald.cond(9,:) =[...
    0
    7.2976
    0
    2.9990
    ];

ald.extrap=[...
    503.88
    8.5031
    4.0519
    3.6173
    ];
    
  

% ald.conc =[...
%     0.0
%     0.001
%     0.01
%     0.05
%     0.15
%     0.5
%     ];
% 
% ald.cond(4,:) =[...
%     4.730895365176177e+02
%     84.952619570340417
%     11.658084786625242
%     2.755261669287963
%     1.268797577459464
%     1.127809095647059
%     ];

  

ald.perfect.cond =[...
	3.3298
	3.1220
	2.8287
	2.3
	];



%plot(...
%    GK(1).conc,...
%    [...
%    GK(1).cond(5,1)
%    GK(2).cond(5,1)
%    GK(3).cond(5,1)
%    GK(4).cond(5,1) ],'.',...
%    0.5,...
%    GK(5).cond(4,1)/sqrt(2),...
%    GK(1).conc,VC.cond(:,1),'.'...
%    )	

% XCORR.cond =[...
%    3.4 0.0 
%    0.74 0.08
%    0.25 0.20
%    0.05 0.20
%    ];

% semilogy(...
%     GK(1).conc,...
%     [...
%     GK(1).cond(5,1)
%     GK(2).cond(5,1)
%     GK(3).cond(5,1)
%     GK(4).cond(5,1) ],'.',...
%     0.5,...
%     GK(5).cond(4,1)/sqrt(2),'.',...
%     GK(1).conc,VC.cond(:,1),'.',...
%     GK(1).conc,sum(XCORR.cond(:,:),2),'.',...
%     0.5,...
%     0.13/sqrt(2),'.'...
%     )
% 
% semilogy(...
%     GK(1).conc,...
%     XCORR.cond(:,1),'.',...
%     GK(1).conc,...
%     XCORR.cond(:,2),'.',...
%     0.5,...
%     0.13/sqrt(2),'.'... 
%     )

end
