function gk = m_si_cond_alloy_gk_results
%VC = m_lj_alloy_nmd_vc_results
%returns the vc thermal conductivity results @ 10K for 4-12x systems
%--------------------------------------------------------------------------
gk.conc =[...
    0.0
    0.05
    0.15
    0.5
    ];


gk.size =[...
    4
    6
    8
    10
    12
    14
    16
    18
    20
    22
    26
    34
    42
    ];

%4
gk.cond(1,:) =[...
    517.4
    5.362
    2.5403
    2.047
    ];
%6
gk.cond(2,:) =[...
    492.41
    6.984
    2.9532
    2.401
    ];
%8
gk.cond(3,:) =[...
    343.3
    6.956
    3.1668
    2.749
    ];
%10
gk.cond(4,:) =[...
    454.5
    7.183
    3.4325
    3.505
    ];
%12
gk.cond(5,:) =[...
    0
    10.06
    0
    4.579
    ];
%14
gk.cond(6,:) =[...
    371.3
    8.5322
    0
    3.668
    ];
%16
gk.cond(7,:) =[...
    0
    11.003
    0
    5.629
    ];
%18
gk.cond(8,:) =[...
    401.0
    11.234
    0
    5.054
    ];
%20
gk.cond(9,:) =[...
    0
    0
    0
    0
    ];
%22
gk.cond(10,:) =[...
    389.3
    10.79
    0
    6.323
    ];
%26
gk.cond(11,:) =[...
    0.0
    14.91
    0
    6.424
    ];
%34
gk.cond(11,:) =[...
    0.0
    15.59
    0
    7.704
    ];
%42
gk.cond(11,:) =[...
    0.0
    15.83
    0
    7.728
    ];

gk.extrap=[...
    507.67
    16.7
    8.2
    7.83
    ];

%0.05: plot(1./[26 34 42 10000000],1./[14.91 15.59 15.83 16.7],'.')
%0.5: plot(1./[26 34 42 10000000],1./[6.424 7.704 7.728 7.83],'.')


end
