#VESTA_FORMAT_VERSION 3.1.2


CRYSTAL

TITLE
New structure

GROUP
1 1 P 1
SYMOP
 0.000000  0.000000  0.000000  1  0  0   0  1  0   0  0  1
 -1.0 -1.0 -1.0  0 0 0  0 0 0  0 0 0
TRANM
 0.000000  0.000000  0.000000  1  0  0   0  1  0   0  0  1
LTRANSL
 -1
 0.000000  0.000000  0.000000  0.000000  0.000000  0.000000
LORIENT
 -1   0   0   0   0
 1.000000  0.000000  0.000000  1.000000  0.000000  0.000000
 0.000000  0.000000  1.000000  0.000000  0.000000  1.000000
LMATRIX
 1.000000  0.000000  0.000000  0.000000
 0.000000  1.000000  0.000000  0.000000
 0.000000  0.000000  1.000000  0.000000
 0.000000  0.000000  0.000000  1.000000
 0.000000  0.000000  0.000000
CELLP
  3.776000   3.776000   3.776000  60.000000  60.000000  60.000000
  0.000000   0.000000   0.000000   0.000000   0.000000   0.000000
STRUC
  1 Ar         Ar  1.0000   0.000000   0.000000   0.000000    1a       1
                            0.000000   0.000000   0.000000  0.00
  0 0 0 0 0 0 0
THERI 0
  1         Ar  1.000000
  0 0 0
SHAPE
  0       0       0       0   0.000000  0   192   192   192   192
BOUND
       0     0.75         0     0.75         0     0.75
  0   0   0   0  0
SBOND
  0 0 0 0
SITET
  1         Ar  1.9200 207 254 196 207 254 196 204  0
  0 0 0 0 0 0
SPLAN
  0   0   0   0
LBLAT
 -1
LBLSP
 -1
DLATM
 -1
DLBND
 -1
DLPLY
 -1
ARROW
 0 0 0 0 0 0 0 0 0

PLN2D
  0   0   0   0
ISURF
  1 7232          0 255 255   0 127 255
  0   0   0   0
ATOMT
  1         Ar  1.9200 207 254 196 207 254 196 204
  0 0 0 0 0 0
SCENE
 0.999936  0.003737  0.010674  0.000000
-0.009244  0.813815  0.581050  0.000000
-0.006515 -0.581112  0.813798  0.000000
 0.000000  0.000000  0.000000  1.000000
  0.000   0.000
  0.000
  0.614
HBOND 0 2

STYLE
DISPF 16479
MODEL   0  1  0
SURFS   0  1  1
SECTS  96  1
FORMS   0  1
ATOMS   0  0
BONDS   1
POLYS   1
FORMP
  1  1.0   0   0   0
ATOMP
 24  24   0  50  2.0   0
BONDP
  1  16  0.250  1.000 180 180 180
POLYP
 204 1  1.000 180 180 180
TEX3P
  1  0.00000E+00  1.00000E+00
SECTP
  1  0.00000E+00  1.00000E+00  0.00000E+00
HKLPP
 192 1  1.000 255   0 255
UCOLP
   0   1  1.000   0   0   0
COMPS 1
LABEL 1    12  1.000 0
PROJT 0  0.962
BKGRC
 255 255 255
DPTHQ 1 -0.5000  3.5000
LIGHT0 1
 1.000000  0.000000  0.000000  0.000000
 0.000000  1.000000  0.000000  0.000000
 0.000000  0.000000  1.000000  0.000000
 0.000000  0.000000  0.000000  1.000000
 0.000000  0.000000 20.000000  0.000000
 0.000000  0.000000 -1.000000
  26  26  26 255
 179 179 179 255
 255 255 255 255
LIGHT1
 1.000000  0.000000  0.000000  0.000000
 0.000000  1.000000  0.000000  0.000000
 0.000000  0.000000  1.000000  0.000000
 0.000000  0.000000  0.000000  1.000000
 0.000000  0.000000 20.000000  0.000000
 0.000000  0.000000 -1.000000
   0   0   0   0
   0   0   0   0
   0   0   0   0
LIGHT2
 1.000000  0.000000  0.000000  0.000000
 0.000000  1.000000  0.000000  0.000000
 0.000000  0.000000  1.000000  0.000000
 0.000000  0.000000  0.000000  1.000000
 0.000000  0.000000 20.000000  0.000000
 0.000000  0.000000 -1.000000
   0   0   0   0
   0   0   0   0
   0   0   0   0
LIGHT3
 1.000000  0.000000  0.000000  0.000000
 0.000000  1.000000  0.000000  0.000000
 0.000000  0.000000  1.000000  0.000000
 0.000000  0.000000  0.000000  1.000000
 0.000000  0.000000 20.000000  0.000000
 0.000000  0.000000 -1.000000
   0   0   0   0
   0   0   0   0
   0   0   0   0
ATOMM
 204 204 204 255
  25.600
BONDM
 255 255 255 255
 128.000
POLYM
 255 255 255 255
 128.000
SURFM
   0   0   0 255
 128.000
FORMM
 255 255 255 255
 128.000
HKLPM
 255 255 255 255
 128.000
